10243
10244
10245
10255
10258
10279
1980459
1980471
10298
10310
1980486
1980490
1980491
10317
1980494
10325
10335
333924
333926
1980519
333928
1980521
333929
333931
333930
1960046
10359
10372
10376
57482
57483
2015370
338079
45219
10407
186538
59563
186540
186539
186541
1978540
2805939
12475
1407638
28875
28876
2734294
1904876
12538
12542
147711
147712
37124
2734365
1175848
1175849
1175850
1175851
1175852
2560313
2560317
2560318
2560321
10566
1335626
2560345
2748762
12637
1972573
1972574
1972576
1972577
162145
12643
2734436
1511783
2021738
2734443
2734447
2734458
334203
334204
334205
1511805
334207
2083199
334209
334208
2734473
682382
2734478
194965
37296
12721
12730
1511871
1511872
145856
1163715
1987017
1987018
1987019
1415627
1415628
35279
1511891
1511892
72149
1511900
2560477
1233383
1511913
1214955
35310
944645
72197
1239565
2560526
2560525
2560528
12814
1239573
2748958
2560547
338478
45617
164416
2560580
2560586
2560601
2560602
1595998
2065036
2065037
2065038
2065044
2065045
2065046
2065047
2065048
2065049
2065050
2065051
2065052
2065053
2065054
2065055
99000
2560702
2003649
2003650
2003651
2003652
2093789
565995
1450749
2560767
2560773
11020
11021
11029
11033
11034
11036
64285
64286
2560799
11039
11041
1002273
64288
64292
64284
1303334
1348384
64300
64307
64310
1459003
463676
1678143
11072
64320
11079
11080
318279
11082
11083
11084
11085
11086
1985356
2571082
1985361
11089
129875
1231709
11103
2169701
99182
1868658
11137
1985415
1985428
129951
340907
2038719
2038720
2038721
2038722
2038723
2038724
2038725
2038726
2038727
121791
2038728
2747342
33743
11216
11234
642022
943084
1518574
11250
44024
2169855
11269
1582094
11292
2169902
1391667
1821749
1821750
11318
11320
40012
2169934
2169935
2169936
2772059
2772060
2772061
2772062
2772063
2772064
2772065
2772066
2772067
2772068
2772069
2772070
2772071
2772072
2772073
2772074
2772075
2772076
2772077
95342
2772079
2772080
2772081
2772082
2772083
50292
2772084
2772085
2772087
2772088
2772089
2772090
2772091
2772086
40057
40058
2169991
2169992
2169993
1297549
337039
337041
337042
337043
337044
337048
337049
337050
337051
1985693
1987745
683172
683174
1862824
1805494
2100421
363747
1547495
290028
687340
687342
687344
687345
687346
687347
687348
687349
687350
687351
687352
687354
687355
687356
687357
2200830
687358
11520
2170113
687359
687360
130308
130309
130310
687367
687368
687361
687363
687364
687369
1930509
687370
687371
687366
687373
687374
687375
687376
687377
687379
68887
687380
11552
2170150
369960
1647924
1535290
1330491
1535291
746830
746831
2170194
2170195
2170197
122203
1330524
11620
11623
11628
11642
568715
1891726
1891727
1891728
11676
1891745
2049444
931244
1891762
1891763
1891764
1525173
1891765
277944
11709
60877
1986022
204269
93678
2749936
1820159
1820160
2004487
742919
11786
652810
536079
2747931
108098
36427
1859149
1341019
310907
93830
1803956
1803957
2008762
138948
138949
138950
138951
1961678
11983
1961680
1961679
1961681
1961682
1961683
694003
694009
943908
1513256
1513257
1513258
1513259
1513260
1513261
1513262
1513263
1513264
1513265
1961783
2017081
2017082
2017083
12092
1959761
393049
32603
32604
63330
499556
38766
38767
1933179
1933182
1933183
1933186
1933187
1933190
194440
1247113
1247114
194441
194443
2025360
38804
59300
59301
1449896
329641
1449897
2025396
38837
333754
333757
77763
333766
333767
1933269
1933274
2004957
2004960
2004961
2004962
649188
1933290
1933291
1208309
1933309
